         500000000      -0.156100804        -22.1508031         17.2562789         160.651365        -36.6014649         73.3196444        -1.45343788        -11.6091016
         524652340      -0.169697151        -23.3243227         17.2768214         159.655226        -36.3571369         73.1544875        -1.47393123        -12.1132501
         549304680      -0.190125807        -24.4008865         17.2530169          158.73032         -35.516015         74.7324362         -1.4800353        -12.7397564
         573957020      -0.200086118         -25.476728         17.2370807         157.836612        -35.0289062         74.9589452        -1.48790418        -13.3159692
         598609360      -0.225104259        -26.5963177         17.2471122         156.879382        -34.9214478         73.5192117         -1.4991704         -13.883025
         623261700      -0.235402485        -27.6337159         17.2125381         155.939841        -34.9222354          74.205798        -1.51590921        -14.4902051
         647914040      -0.253665404        -28.7901824         17.2270815         154.969193        -34.3803949         70.8568059        -1.52129832        -15.0012894
         672566380      -0.271050136        -29.8592161         17.2080899          154.02336         -33.504541         69.4534476        -1.53091841        -15.5523373
         697218720      -0.291120031        -30.9293214         17.1910146         153.109062        -33.6298631         70.8058717        -1.54526963        -16.1585538
         721871060      -0.313648664         -32.086466         17.1972803         152.142608        -33.4448023         70.0164566        -1.55090417        -16.6902104
         746523400      -0.336592248        -33.1032416         17.1604701          151.24233        -33.0927583         70.5648139        -1.56452301        -17.2206197
         771175740      -0.356656387        -34.2696259         17.1697495         150.283479        -33.1895058          69.093591        -1.58410007         -17.841735
         795828080      -0.375356598        -35.3572961         17.1527737         149.383859        -32.6857672         67.1590063        -1.59531062        -18.3186679
         820480420      -0.407945788        -36.4637828         17.1342751         148.326872        -32.3839237         67.3343397        -1.60521016        -18.9863392
         845132760      -0.428847182        -37.5279239         17.1341126         147.522554        -32.3789019          64.613874        -1.62178795        -19.3833498
         869785100       -0.44848731        -38.6152329         17.0991904         146.637217        -32.0990483         64.4504855        -1.64700035        -19.9650126
         894437440      -0.474753467        -39.7221022         17.0919893          145.69723        -31.4041356         63.3296056        -1.66634946        -20.5602461
         919089780      -0.499776907        -40.8658807         17.0849684         144.738718        -31.6633378         62.0217237        -1.68388773        -21.0852159
         943742120      -0.521688651        -41.8578965         17.0474915         143.846185        -31.3854094         61.3416965        -1.69862215        -21.5953006
         968394460      -0.557015994        -43.0776122         17.0590661          142.85538         -31.158081         62.9131287        -1.71705061        -22.2452882
         993046800      -0.579748262        -44.1408155         17.0296171         141.953992         -31.133193          61.264163        -1.72751089        -22.7585112
   1.01769914e+009      -0.603527936        -45.2333055         17.0160849         141.087627        -30.8962148         61.0147787        -1.74701063        -23.2912385
   1.04235148e+009      -0.637854038        -46.3986117         17.0073185         140.079689        -30.4899725         61.8805437        -1.76167574        -23.8189163
   1.06700382e+009      -0.653278332        -47.3920724          16.977723         139.252336        -30.3295491         60.2219012        -1.78308374         -24.328294
   1.09165616e+009      -0.697798006        -48.5850288         16.9714167          138.23001        -30.2043969         59.4816904        -1.81065972        -24.7992013
    1.1163085e+009        -0.7191463        -49.6550115         16.9473539         137.335458        -30.1234616         58.7031599        -1.81883767         -25.400295
   1.14096084e+009       -0.75006039         -50.713804         16.9279861         136.452629        -29.7196645         58.0669683        -1.82921592        -25.9598021
   1.16561318e+009      -0.789100279        -51.9344409          16.924201         135.463744        -29.7211512         56.1113351        -1.86401783        -26.5165912
   1.19026552e+009      -0.817199761        -52.8857902         16.8894367         134.608063        -29.5851502         56.6420336        -1.87253661        -27.0404171
   1.21491786e+009      -0.853537143        -54.1093573         16.8759497          133.65634        -29.4043173         56.9570265        -1.89960297        -27.6364968
    1.2395702e+009      -0.880442918        -55.3540428         16.8804271         132.484845        -29.3973101         54.1687065        -1.90592519        -28.3464886
   1.26422254e+009      -0.909026389        -56.2733237         16.8348348          131.86566        -29.1902434         55.1891041        -1.94244072        -28.6984254
   1.28887488e+009      -0.945950237        -57.4433938         16.8232197         130.888469        -28.9059582         53.7956315        -1.96068042        -29.1550221
   1.31352722e+009      -0.972332079        -58.5321703         16.7930886         130.017239        -28.7868922         51.8121571        -1.97527071         -29.649844
   1.33817956e+009       -1.01560064        -59.6773853         16.7828778         129.067306        -28.8939869         53.4036499        -2.00563673        -30.2754644
    1.3628319e+009       -1.04309148         -60.791463         16.7617777         128.145343        -28.8838422          52.407683         -2.0239205        -30.7612295
   1.38748424e+009       -1.08076115        -61.8761448         16.7364493          127.25404         -28.436848         52.0053865        -2.03999748        -31.3304707
   1.41213658e+009       -1.12175928        -63.0737377         16.7253515         126.270756        -28.3872528         49.6843645        -2.07023415         -31.898113
   1.43678892e+009       -1.15731924         -64.088102         16.6868352         125.430561         -28.143864         51.3657365         -2.0874283        -32.4022692
   1.46144126e+009       -1.18835999        -65.2885825         16.6798725         124.524738        -28.0985407         50.1525281        -2.11982876        -32.8698384
    1.4860936e+009        -1.2240277        -66.4226194         16.6567811         123.569735        -28.1102076         48.9071868        -2.12928546        -33.4601687
   1.51074594e+009       -1.26353129        -67.5046196         16.6248361         122.689237        -27.7039329         47.4282729        -2.15922906        -33.9064601
   1.53539828e+009       -1.30931682        -68.6682356         16.6089317         121.771574        -27.7547343           48.18215        -2.18946122        -34.5555717
   1.56005062e+009       -1.34202026        -69.7823901         16.5756163         120.872646        -27.7635256         46.1475812        -2.20928015        -35.0855035
   1.58470296e+009       -1.37904625        -70.9415933         16.5544618         119.962047        -27.5284015         45.7051031        -2.25232375        -35.6306575
    1.6093553e+009       -1.43162113        -72.0958343         16.5370013         119.022564        -27.3165769         45.5041065        -2.26828042        -36.1660716
   1.63400764e+009       -1.45903645        -73.1579159         16.4990891         118.197826        -27.3514386         44.3866599        -2.28501389        -36.5718686
   1.65865998e+009       -1.50265819        -74.3915597         16.4779854         117.243459        -27.2024643         43.9357238        -2.30909002        -37.1121462
   1.68331232e+009       -1.54706715        -75.4717177         16.4570655         116.359998        -27.1165529         43.7989083        -2.32925991        -37.6564427
   1.70796466e+009       -1.58648301        -76.5680255          16.432961         115.493461        -27.0123873         44.0610509        -2.36126181        -38.2276021
     1.732617e+009       -1.62907553        -77.8031798         16.4008727         114.570757        -26.8912363         43.4673318        -2.38837882        -38.7191351
   1.75726934e+009       -1.66565435        -78.8562874         16.3746148          113.72828        -26.7830211         41.4984301        -2.42352751        -39.2539353
   1.78192168e+009       -1.72338831         -80.017528         16.3549201         112.779983        -26.7632667         42.6459314        -2.45460469        -39.6716266
   1.80657402e+009       -1.76656637        -81.1186477         16.3112714         111.922561        -26.6807151         41.8250478        -2.48261191        -40.2721278
   1.83122636e+009       -1.80438678        -82.2780907         16.2833274         111.032743        -26.5691711         40.5308589        -2.51475504        -40.6737765
    1.8558787e+009       -1.85472675        -83.4918005         16.2501202         110.125141        -26.7650645         40.1735079         -2.5370483        -41.2286598
   1.88053104e+009        -1.9010369        -84.3739267            16.2273         109.269556        -26.4134178         38.5897805        -2.56769781        -41.7330696
   1.90518338e+009        -1.9370143        -85.7828842         16.2103182         108.357557        -26.4258394         38.7109193        -2.59304742        -42.2508854
   1.92983572e+009       -1.98230779        -86.8812557         16.1741939         107.479746        -26.3571724         37.8451188        -2.61605599        -42.7001839
   1.95448806e+009       -2.02567633          -88.00383         16.1470402         106.605897        -26.2429826         36.5563977        -2.65440969        -43.2727133
    1.9791404e+009       -2.07440547        -89.1941088         16.1208759         105.744467        -26.1939142         35.7028187        -2.67883064        -43.7830156
   2.00379274e+009       -2.11798424        -90.3235529         16.0875851         104.875712        -26.0943296         35.9912109        -2.70297771        -44.2152149
   2.02844508e+009       -2.15715718        -91.5086567          16.061675         103.991343        -25.9542718         34.2140226        -2.73451901        -44.8424782
   2.05309742e+009       -2.20975433        -92.6189891         16.0279905         103.087552        -26.0263968         34.5793176        -2.77460645        -45.2739621
   2.07774976e+009        -2.2496542        -93.7474331         15.9991324         102.261362        -26.1096604         33.9882402        -2.79919257        -45.7901216
    2.1024021e+009       -2.29765765        -94.9997057         15.9728502         101.333456        -25.9008715         34.4003686        -2.83453108        -46.3212257
   2.12705444e+009       -2.35348769        -96.0363655         15.9302947         100.502064        -25.7761022         33.1825933        -2.86469598        -46.8281459
   2.15170678e+009       -2.40208856        -97.2030433         15.9082825         99.6596881        -25.8553285         33.2260874        -2.90312345        -47.2181591
   2.17635912e+009       -2.43920802        -98.4424804          15.876191         98.7753899        -25.6283805          32.555459        -2.91727778        -47.7395197
   2.20101146e+009        -2.4832733        -99.5178039         15.8410484         97.9257405        -25.7806035         30.8372404        -2.96570957        -48.1780906
    2.2256638e+009       -2.54842031        -100.688174          15.803194         97.0501914        -25.6463904         30.5472596         -2.9934476        -48.6515456
   2.25031614e+009       -2.58788742        -101.847117         15.7845284         96.2074246        -25.4549742         30.1510245        -3.02691166        -49.1415665
   2.27496848e+009       -2.62920708        -103.034016         15.7429261         95.3261173        -25.4433799         30.7613733        -3.05947434        -49.6668211
   2.29962082e+009       -2.67815486        -104.181668         15.7112608          94.499067        -25.4573465         28.2591506        -3.09771328        -50.1093483
   2.32427316e+009       -2.72120711        -105.260351         15.6730658         93.6811504        -25.4047702         29.6660756        -3.12681718        -50.6196305
    2.3489255e+009       -2.77745513        -106.583889         15.6521498         92.7932614        -25.5680148         27.7648258        -3.14759997        -51.0581174
   2.37357784e+009       -2.81684615        -107.722157         15.6156576         91.9561585        -25.2662791         28.3011363        -3.18121433        -51.6253791
   2.39823018e+009       -2.86435633        -108.747118         15.5838094         91.1420373        -25.2415046         26.5391002        -3.21666946        -52.0168535
   2.42288252e+009        -2.9178705         -110.02193         15.5479349         90.3059332        -25.3612807         27.2011004        -3.24553616        -52.5366013
   2.44753486e+009       -2.95979254        -111.168608         15.5062278         89.5259662        -25.0976686         27.0809672        -3.27614738        -53.0001227
    2.4721872e+009       -3.00829191        -112.355524         15.4698996         88.6307438        -25.1021849         25.0839577        -3.32234143         -53.407499
   2.49683954e+009       -3.05425405        -113.509248         15.4372622         87.8067621        -25.2343517         26.0301656        -3.34483184        -53.7859827
   2.52149188e+009       -3.10631952        -114.766736         15.4012256         86.9820923        -25.0170821         25.0740487        -3.37783104        -54.4071989
   2.54614422e+009       -3.14601809        -115.888849         15.3661967         86.1097769        -24.9794275         24.4480417         -3.4260432        -54.9047192
   2.57079656e+009       -3.19900962        -116.979795          15.324992         85.3511716        -25.0506041         22.9724053        -3.43417809        -55.2218056
    2.5954489e+009       -3.24315752         -118.18963          15.303179         84.5026083        -24.9182137         22.3554729        -3.48300993        -55.7871289
   2.62010124e+009       -3.29026848        -119.447741         15.2614028         83.6582043        -24.9508355         22.2269754        -3.50293823        -56.3382868
   2.64475358e+009       -3.32463718        -120.574606         15.2246604         82.8647585        -24.8154073         22.8980805        -3.53111027        -56.7621715
   2.66940592e+009       -3.37938097        -121.688106         15.1858136          81.990061         -25.081525         22.0246467        -3.57879499        -57.0568209
   2.69405826e+009       -3.41871262        -122.923003         15.1532984         81.2211243         -24.855064         21.1689204        -3.61124749        -57.4286221
    2.7187106e+009        -3.4692206        -124.188999         15.1090317         80.4318598        -24.6995019         20.4887951        -3.64071533        -58.0247465
   2.74336294e+009       -3.50216901        -125.242009         15.0804737         79.5591699        -24.7259254         19.0708719        -3.67268313        -58.4769989
   2.76801528e+009       -3.56113212        -126.403511         15.0406499          78.827531        -24.8138767         20.4780979        -3.69665251        -59.0311784
   2.79266762e+009       -3.60311215        -127.698015         15.0041465         77.9650269        -24.8225631         18.9177887        -3.75060001        -59.4347821
   2.81731996e+009       -3.63463538        -128.834927         14.9599058         77.1809009        -24.4729765         18.5650953        -3.77973464        -59.9129876
    2.8419723e+009       -3.68379371        -129.959867         14.9302755         76.3712415        -24.6358126         18.5969685         -3.7921766        -60.3709427
   2.86662464e+009         -3.730396        -131.166515         14.8886819         75.5617123        -24.6404059         18.1748972        -3.83043844        -60.8076295
   2.89127698e+009       -3.77756659        -132.389091         14.8470611         74.7730691        -24.6929219         16.9564832        -3.85558645        -61.2135669
   2.91592932e+009        -3.8104393        -133.532203         14.8106247         73.9655852        -24.4838371         17.3896162        -3.91539042        -61.6869799
   2.94058166e+009       -3.85767677        -134.601928         14.7698592         73.2275948        -24.8252563         16.1016009        -3.91419015        -61.9744856
     2.965234e+009       -3.89994756        -135.935677         14.7343386         72.3915322        -24.8646923         16.0812254        -3.94894952        -62.6181093
   2.98988634e+009       -3.93576603        -137.098274          14.693131         71.6057667         -24.695091         15.5185586        -4.00830548        -63.0541472
   3.01453868e+009       -3.97108012        -138.145009         14.6546814         70.8513133        -24.5770149          15.886118        -4.04316828        -63.5047026
   3.03919102e+009       -4.02833354        -139.427787         14.6233893         70.0378044        -24.4897837         16.0490662        -4.06303404        -64.0804254
   3.06384336e+009       -4.05718215         -140.65452         14.5776369         69.2563215        -24.4124493         13.8582735        -4.08571882        -64.5201839
    3.0884957e+009       -4.08672966        -141.741939         14.5358033         68.4816798        -24.6056072         14.0307829        -4.11967814        -64.7833564
   3.11314804e+009       -4.13670853        -142.978401         14.5035049         67.6733687        -24.2932391         13.3653433         -4.1476321        -65.2593186
   3.13780038e+009       -4.17548405        -144.134572         14.4669375         66.9230004        -24.4760952         12.8881827        -4.19777637        -65.7672262
   3.16245272e+009       -4.20190006        -145.367488         14.4154425         66.1072274        -24.4531981         13.3351689        -4.23716614        -66.1896607
   3.18710506e+009       -4.22862196        -146.407839         14.3849722         65.3852726        -24.3425657         13.0800204        -4.25151889        -66.6272215
    3.2117574e+009       -4.27807903        -147.617947         14.3435076         64.6228637        -24.4005291         12.6314283        -4.27896759        -67.1092117
   3.23640974e+009        -4.3170313        -148.905662         14.3026373         63.8147361        -24.4716433         10.7217477        -4.32892986         -67.699438
   3.26106208e+009       -4.34468801        -149.984789         14.2608747         63.0546073        -24.3641639         11.7002214        -4.35981217        -68.0087415
   3.28571442e+009       -4.38349629        -151.174165         14.2278127         62.2943502        -24.3639724         10.5752025         -4.3682446        -68.5309254
   3.31036676e+009       -4.41986451        -152.369654         14.1851383         61.5138669        -24.3830079         10.0154836        -4.42200372        -69.0030374
    3.3350191e+009       -4.44940681        -153.532896         14.1516755         60.8080015        -24.3913058         9.39468124        -4.45136229        -69.3814676
   3.35967144e+009       -4.47825734        -154.688222         14.0966935         60.0421349        -24.4155794         8.81949032        -4.47622843        -69.8225653
   3.38432378e+009       -4.52251263        -155.769197         14.0633972         59.3275815        -24.3222607          9.5254946        -4.51870336        -70.1546486
   3.40897612e+009       -4.54238511         -157.03348         14.0150421         58.5646869        -24.3492912         8.68619294        -4.55169134        -70.7499014
   3.43362846e+009        -4.5577192        -158.090537         13.9728463         57.7738592          -24.33046         8.07077028        -4.58447203        -71.2136149
    3.4582808e+009       -4.60128604         -159.22505         13.9356029         57.0640798        -24.2916777         8.57941156        -4.62308381        -71.5698393
   3.48293314e+009       -4.63169161        -160.542502         13.9074987         56.2238805        -24.3542919         7.69783325        -4.63440022        -72.2005419
   3.50758548e+009       -4.64143749        -161.802905         13.8711428         55.4048102        -24.2766411         6.97819363        -4.68342407        -72.5368965
   3.53223782e+009       -4.67622799        -162.787203          13.815922         54.8043292        -24.2712642         7.16284934         -4.7121688         -72.965395
   3.55689016e+009       -4.70889421         -163.91627         13.7801222         54.0224108        -24.2048059         6.78820488        -4.74622759        -73.3855902
    3.5815425e+009        -4.7378611        -165.113496         13.7356783         53.2612651        -24.3381714         6.31730758        -4.77161224        -73.9352581
   3.60619484e+009       -4.74946547        -166.268561         13.6933857         52.5495526        -24.2635871         6.44088238        -4.79744944        -74.3125185
   3.63084718e+009       -4.78493903        -167.305091         13.6548269          51.844349        -24.1829973          5.2077236        -4.82649631        -74.6730425
   3.65549952e+009       -4.80298104        -168.558949         13.6151923         51.0815947        -24.1979701         5.51922531        -4.86590164         -75.264295
   3.68015186e+009       -4.82095445        -169.691898         13.5691557         50.3303946        -24.3505624         3.93258825        -4.90319928        -75.6505426
    3.7048042e+009        -4.8363259        -170.785027         13.5336603         49.6311039        -24.2156698         4.46822155        -4.92143813        -76.0393107
   3.72945654e+009       -4.86829255        -171.884727         13.4923035         48.9052126        -24.2320093         4.15022029        -4.95316232        -76.5856361
   3.75410888e+009        -4.8821541         -173.09381         13.4542427         48.2327553        -24.2842723          3.0456229        -4.98980017        -77.1020153
   3.77876122e+009       -4.89223292        -174.188945         13.4077188          47.472802        -24.1553594         3.62234155        -5.01147728        -77.3246195
   3.80341356e+009       -4.91334669        -175.225958          13.362488         46.7375045        -24.2743971         3.69568043        -5.05183658         -77.911621
    3.8280659e+009       -4.93345204        -176.356578         13.3315201         46.0337214        -24.3299517          3.2526116        -5.06144757        -78.5378558
   3.85271824e+009       -4.94314023        -177.558987         13.2799815         45.3044759        -24.1888805         3.48209201        -5.10920985        -78.9296923
   3.87737058e+009       -4.96115722        -178.616226          13.240355         44.5778339        -24.1224114         2.07667769        -5.12851923        -79.3770851
   3.90202292e+009        -4.9903602        -179.680133          13.203554         43.9152069        -24.1863915         2.01767319        -5.18115609        -79.8669796
   3.92667526e+009       -4.99375827         179.145526         13.1609237         43.1965545         -24.282547         1.78596346        -5.18471239        -80.3528911
    3.9513276e+009       -5.00027627         178.000275          13.117647         42.4693949        -24.0212911         1.50372449        -5.23747478        -80.7762441
   3.97597994e+009        -5.0212296         177.021959         13.0778792         41.7589707        -24.1869804         1.55041004        -5.27228204        -81.3494715
   4.00063228e+009       -5.03805053         175.886569         13.0346091         41.0401559        -24.3592657         0.78526719        -5.29417302        -81.7534927
   4.02528462e+009       -5.04417439         174.701459         12.9960387         40.3559339        -24.1229673        0.268758758        -5.32094595        -82.3663257
   4.04993696e+009       -5.05360759          173.76171         12.9497033         39.6670214        -24.2582339        0.526303653        -5.35054532        -82.5361663
    4.0745893e+009       -5.06848853          172.67788         12.9106265         38.9560667        -24.1708379        0.128918636        -5.38414733        -83.0213874
   4.09924164e+009       -5.07421257         171.577615          12.873434          38.247213        -24.0811113        0.419527595        -5.39094812        -83.6282943
   4.12389398e+009       -5.08157823         170.477304         12.8186842          37.588987        -24.1355167        0.221622282        -5.45281081        -84.0635561
   4.14854632e+009       -5.09285037         169.558521         12.7828817         36.8810946        -24.2117082        -1.48380304        -5.46908869        -84.5108583
   4.17319866e+009       -5.10525276         168.430884         12.7480086         36.2006168        -24.2851303       -0.114490095        -5.49717974        -85.2137206
     4.197851e+009       -5.10524695          167.30735         12.6977767         35.5046762        -24.2125434       -0.738343748        -5.52451117        -85.5200173
   4.22250334e+009       -5.10501892         166.334725           12.65718         34.8028019        -24.1078006        -1.36968926        -5.56119628         -85.913454
   4.24715568e+009       -5.12628759         165.294946          12.617814         34.0980302        -24.2627558       -0.971236089         -5.5967872        -86.5442406
   4.27180802e+009        -5.1401778         164.226051         12.5763471         33.4561124        -24.0346647        -3.41727667        -5.63685842        -86.9604813
   4.29646036e+009       -5.12204892         163.175773         12.5336175         32.7918902        -24.2410602        -2.85387795        -5.64850781        -87.5099277
    4.3211127e+009        -5.1320244         162.302841         12.4965932         32.1054368        -24.2748744        -1.74500228        -5.68923963        -87.9293989
   4.34576504e+009       -5.14398641         161.279186         12.4513621         31.4116607        -24.0938652        -1.53738736        -5.71616553        -88.1933245
   4.37041738e+009       -5.14054852         160.151867         12.4102116         30.7047683        -24.2551321        -2.74429523         -5.7659204        -89.0117847
   4.39506972e+009       -5.14086425         159.210947         12.3674907         30.0850873        -24.2492275        -2.46048505        -5.77016939        -89.2966853
   4.41972206e+009       -5.15224715         158.330241         12.3214907         29.3523439        -24.1719186        -2.81177434        -5.77122666        -89.6975831
    4.4443744e+009       -5.15469397         157.305181         12.2881431         28.7468316        -24.2368459        -3.04676785        -5.81672456          -90.22197
   4.46902674e+009       -5.13675176         156.251491         12.2393742         28.0916181        -24.1913482        -2.72421774        -5.83588841        -90.6778184
   4.49367908e+009       -5.14054301         155.419532         12.1984599         27.4205777        -24.2300612        -3.71431324        -5.87107613        -91.3337335
   4.51833142e+009       -5.15469812         154.443616         12.1671148         26.7861471         -24.231546        -3.75598128        -5.89555313        -91.7306086
   4.54298376e+009       -5.13897682         153.326871         12.1196762         26.0829509        -24.1390678        -4.01598246         -5.9397796        -92.3739206
    4.5676361e+009       -5.12774894         152.447787          12.078926         25.4259027         -24.139164        -4.48189937        -5.95611047        -92.7571998
   4.59228844e+009       -5.13383898         151.631324         12.0348752         24.7851931        -24.1057137         -4.1376928        -5.96875433        -93.2868493
   4.61694078e+009       -5.13823882         150.589021         11.9948999         24.1075842        -24.1018461          -4.986651        -5.99758417        -93.8709235
   4.64159312e+009       -5.12412026         149.588272         11.9585799         23.4681938        -24.1879387        -3.55443972         -6.0489733        -94.3054147
   4.66624546e+009       -5.10599122         148.751486         11.9201633          22.839507        -24.1384714        -4.16916295        -6.06213666        -94.8689535
    4.6908978e+009       -5.12294711         147.891974         11.8763843         22.1702677        -24.0946868        -4.19557263        -6.07521907         -95.326785
   4.71555014e+009       -5.11106691         146.828734         11.8420238         21.5379497        -24.1479821        -4.68272843        -6.10274764         -95.842155
   4.74020248e+009        -5.0855004         145.913695         11.7974055         20.8785861        -23.9446443        -4.52753247        -6.12460928        -96.3231014
   4.76485482e+009        -5.0874906         145.150383         11.7560624         20.2128034        -24.1056535        -4.81643693        -6.16085068        -96.8200954
   4.78950716e+009        -5.0872892         144.248907         11.7236008         19.5837558        -24.2041788        -4.97658825        -6.17823762        -97.3954656
    4.8141595e+009       -5.06772742         143.172069         11.6785812          18.932486        -24.0738992        -5.39160442        -6.19953047          -97.98114
   4.83881184e+009       -5.04384105          142.38789         11.6380801         18.2878032        -23.9861865        -5.47279337        -6.24298609        -98.5108792
   4.86346418e+009       -5.06663809         141.559165          11.594397         17.6554188        -24.1259789        -6.34988878         -6.2489258        -98.9416578
   4.88811652e+009       -5.04900232          140.59298         11.5628582         17.0075361        -24.2248915        -5.69000741        -6.28078299        -99.5534662
   4.91276886e+009       -5.02252431         139.634146         11.5210555         16.3844505         -24.038372         -6.3104274        -6.30418847        -100.006726
    4.9374212e+009       -5.01763143         138.944498         11.4774669         15.7564751        -24.0794493        -6.98270333        -6.33884613        -100.561465
   4.96207354e+009       -5.02790374         138.054142         11.4407873         15.1114739        -24.0324311         -6.1731363         -6.3394063        -101.007123
   4.98672588e+009        -5.0070172           137.0336         11.4058526         14.4441419        -24.1144522        -6.35024664        -6.36845021         -101.70533
   5.01137822e+009         -4.985359         136.219344         11.3583629         13.8577947         -23.900197        -6.73082122        -6.42237929        -102.193114
   5.03603056e+009       -4.99831984         135.619901         11.3116603          13.243358         -23.874964        -6.47403969         -6.4224541        -102.667613
    5.0606829e+009       -4.98391414         134.556644         11.2805083         12.5594511        -23.9505944        -5.74447859        -6.45877176        -103.302953
   5.08533524e+009       -4.95081774         133.729729         11.2374058           11.95356        -24.0819876        -6.68194303        -6.46841204        -103.723166
   5.10998758e+009       -4.92949936         133.073905         11.1961674         11.3775749        -24.0273922        -6.83231944        -6.47909429         -104.30094
   5.13463992e+009       -4.94024866         132.199481         11.1588687         10.7644743        -23.9740834        -6.21853523        -6.52808531        -104.872107
   5.15929226e+009       -4.92967982         131.215539         11.1124701          10.098614        -23.8597038        -6.94991481        -6.55142052        -105.390587
    5.1839446e+009       -4.89214105         130.438237         11.0720343         9.45781074          -23.96971        -7.44614248        -6.57716706        -106.037806
   5.20859694e+009       -4.88860836         129.748397         11.0424685          8.8505499        -23.8552382        -7.63671436         -6.6020705        -106.579984
   5.23324928e+009       -4.89865105         128.727695         11.0073359         8.08219823        -23.9143579        -7.93849402        -6.63176289        -107.293441
   5.25790162e+009       -4.87410701         128.092131         10.9654451         7.59411385        -24.0451978        -7.86639906        -6.65675537        -107.626929
   5.28255396e+009       -4.85353721         127.273773         10.9161709         6.96134601        -23.9921653        -7.40616193        -6.66733714        -108.284781
    5.3072063e+009       -4.85565388         126.593707         10.8786125          6.3878641        -23.8860465        -8.55843395        -6.69411708        -109.041458
   5.33185864e+009       -4.84204299          125.66187         10.8465447         5.72356874        -23.9872852        -7.54498859         -6.7461688        -109.494757
   5.35651098e+009       -4.80044631         124.870897         10.8073912         5.10775363        -24.1159933        -7.58393412        -6.75889693        -109.937103
   5.38116332e+009       -4.80104447         124.251856         10.7616514          4.5613907        -23.7797432        -7.97241923        -6.77654754        -110.579244
   5.40581566e+009       -4.80121428          123.49495         10.7298625         3.96027697        -23.8667966        -8.05678672        -6.79530752        -111.075812
     5.430468e+009       -4.76484339         122.590029         10.6882535         3.30573647        -23.8378651        -8.67580011        -6.81754426        -111.719226
   5.45512034e+009       -4.74744723         121.979304         10.6451554         2.73615662        -23.7901527        -8.44326803        -6.84956304         -112.32862
   5.47977268e+009       -4.74348459         121.336977         10.6126946         2.15845518        -23.8550685        -8.42447972        -6.86133104        -112.888432
   5.50442502e+009       -4.73717951         120.385813         10.5771765         1.48814724        -23.7959988        -9.45953868        -6.86549591        -113.470358
   5.52907736e+009       -4.70431686          119.69004         10.5324968        0.884101316        -23.8066468         -8.6752498        -6.90685321        -113.944538
    5.5537297e+009       -4.68500652         119.084302           10.49717          0.3237234        -23.6926493        -8.49375484        -6.92708144        -114.563869
   5.57838204e+009       -4.70146869         118.380451         10.4574602       -0.279074552        -23.7636107        -9.13364258        -6.94335074         -115.31441
   5.60303438e+009       -4.66758529         117.444363         10.4224382       -0.918576059        -23.6904612        -9.19518335        -6.98067519        -115.842719
   5.62768672e+009       -4.63473028         116.779644         10.3810811        -1.50308976         -23.668293        -7.94762161        -6.97458765        -116.394846
   5.65233906e+009        -4.6387153         116.259507         10.3422789        -2.07144184         -23.837395        -8.94021417        -6.98862514        -117.036266
    5.6769914e+009       -4.63450143         115.365014         10.3058326        -2.69990202         -23.704276        -9.07092584        -7.02020254        -117.631066
   5.70164374e+009       -4.59495263         114.593707         10.2689692        -3.29546082        -23.6933314        -8.64318808        -7.03951571        -118.254478
   5.72629608e+009       -4.56788362         114.154958         10.2298912        -3.85634666        -23.5604614         -9.7383631        -7.04811067        -118.894572
   5.75094842e+009       -4.57704426         113.408563         10.1897996        -4.50344767        -23.5427923        -8.35735722         -7.0885762        -119.504794
   5.77560076e+009         -4.561925          112.57544         10.1574611        -5.09788443        -23.5856202        -9.34830126        -7.12040351        -120.150278
    5.8002531e+009       -4.51173782         111.936778         10.1175596        -5.66935721        -23.5563015        -9.42660692        -7.12536151        -120.981107
   5.82490544e+009       -4.51671861          111.35193         10.0772774        -6.26226083        -23.6560334         -8.7944722        -7.14064436        -121.553869
   5.84955778e+009       -4.51962863         110.628346         10.0448525        -6.84393018         -23.452967        -9.57458716        -7.14616471        -122.054121
   5.87421012e+009       -4.47248405         109.791578         10.0079872        -7.49009871        -23.3673446        -10.3036194        -7.16601614         -122.64426
   5.89886246e+009       -4.45350399         109.278844         9.96472196        -8.03651157        -23.5606641         -8.8109798        -7.18613773        -123.210851
    5.9235148e+009       -4.45779721         108.775774         9.93335589        -8.56132913        -23.4462359        -9.73855736        -7.21120942        -123.935874
   5.94816714e+009       -4.43329671         107.843517         9.89709642        -9.27029332        -23.4727408        -10.2651647        -7.23626044        -124.825264
   5.97281948e+009        -4.3984716         107.170529         9.85080503        -9.82226298        -23.2932536        -9.65758258        -7.26145272        -125.268972
   5.99747182e+009        -4.4003617         106.761785         9.82204685        -10.3137532        -23.2518286        -9.08299521        -7.27247221         -125.92664
   6.02212416e+009        -4.3958626         106.009077         9.79100263        -11.0104709        -23.4778044        -10.0227068        -7.29828254        -126.611045
    6.0467765e+009        -4.3601684         105.227973         9.74842933         -11.564449        -23.3397951        -10.5971439        -7.29323047        -127.285259
   6.07142884e+009       -4.33923076          104.78476         9.70616039        -12.0704841        -23.1338386        -10.5277247        -7.32188588        -127.824528
   6.09608118e+009       -4.33281232         104.258961         9.67391588        -12.6944579        -23.1919974        -9.90651021        -7.31886696        -128.604978
   6.12073352e+009       -4.32384159         103.378994         9.63725312        -13.3242519        -23.3119359         -10.159425        -7.36366189         -129.24662
   6.14538586e+009       -4.28173932         102.760732         9.59811923        -13.8598587        -23.3217282        -9.97902191        -7.37272269        -129.987864
    6.1700382e+009       -4.26319317         102.349685          9.5625985        -14.4119822        -23.2336521        -11.2775797        -7.37520263         -130.44327
   6.19469054e+009        -4.2639688         101.722819         9.52625654        -15.0316644        -23.2118181        -11.0747663        -7.39462164        -131.205638
   6.21934288e+009       -4.23634156         100.903841          9.4869041         -15.607652        -23.1531885        -10.8328971        -7.40038216        -131.934819
   6.24399522e+009       -4.20060713         100.419983         9.45453141        -16.1547391        -23.0389308         -10.752775        -7.43461643        -132.584077
   6.26864756e+009       -4.20553756         99.9991955         9.42392622        -16.7210268        -23.1470404        -10.5056827         -7.4604894        -133.223725
    6.2932999e+009       -4.20059452         99.1881077         9.38453873        -17.3207952         -23.211178        -11.1126601        -7.46452639         -133.95022
   6.31795224e+009       -4.16198061         98.4870528         9.34187184        -17.8970186        -23.1001664        -11.7374158        -7.47608598        -134.720819
   6.34260458e+009       -4.14171492         98.1539788         9.30353007        -18.4380332        -22.9377408        -10.7640939        -7.47473451        -135.299659
   6.36725692e+009       -4.14619614         97.5693018         9.27834512         -19.031616         -22.804069        -11.1418352        -7.49238887        -135.817404
   6.39190926e+009       -4.12134418         96.7516382         9.24004464        -19.6281927        -22.9070347        -12.5062744        -7.50653806        -136.845865
    6.4165616e+009       -4.08396345         96.2662686         9.19851413        -20.1441563        -22.9580515        -11.8172892        -7.53611617        -137.342687
   6.44121394e+009       -4.07259317         95.8871058         9.16909643        -20.7298088        -22.9574032        -12.2498461        -7.54788401        -138.071997
   6.46586628e+009        -4.0762659         95.1424623         9.13053102        -21.3188699        -22.8554793        -11.6052396        -7.55147464         -138.89473
   6.49051862e+009       -4.04535389          94.433654         9.08717829        -21.8879401        -22.8007044        -11.9442639        -7.55628701        -139.528594
   6.51517096e+009        -4.0122069         94.0355839          9.0522155         -22.431091        -22.7801457        -12.5685646        -7.57526527        -140.084702
    6.5398233e+009       -4.01827975         93.5568721         9.02547095        -22.9763626        -22.8968547          -11.30032        -7.59418525        -140.934074
   6.56447564e+009        -4.0128654         92.7985773         8.98472807        -23.5941258        -22.6909729        -12.2033663        -7.61285884        -141.435331
   6.58912798e+009       -3.96547391         92.2197673         8.94970112        -24.1431013        -22.6515916        -12.7578541        -7.60540533        -142.256252
   6.61378032e+009       -3.95389294         91.8858119         8.91765647        -24.6756755        -22.6135661        -12.3321623        -7.61856426         -142.86704
   6.63843266e+009       -3.96117214         91.2387799         8.87907995        -25.2649808        -22.6564316        -12.6434031         -7.6400206        -143.661917
     6.663085e+009       -3.92982693         90.5415429          8.8508564        -25.8458411        -22.5590855         -12.647507        -7.65607535        -144.392978
   6.68773734e+009       -3.88529824         90.1339685         8.81899938         -26.388221        -22.5757072        -12.6148719        -7.68156015        -145.040446
   6.71238968e+009       -3.89891776         89.7316109         8.76847521        -26.9251982        -22.4716853        -12.5902101         -7.6849947        -145.827141
   6.73704202e+009       -3.88943953         89.0177233         8.73859742         -27.474206        -22.5089932        -12.7560283        -7.69369715        -146.533327
   6.76169436e+009       -3.84721328         88.4069546         8.69842801        -28.0715563        -22.3191968        -13.7537342        -7.68946115         -147.32559
    6.7863467e+009       -3.83397963         88.0502687         8.66235566        -28.5742899        -22.2889696        -13.0033664        -7.71085457        -148.117087
   6.81099904e+009       -3.83332586         87.5798023         8.63817241        -29.1251428        -22.2621479         -13.384861        -7.71248955        -148.592068
   6.83565138e+009       -3.81048247          86.782631         8.59600462        -29.7406919        -22.2406267        -13.2958655        -7.71339358        -149.418861
   6.86030372e+009       -3.77892897         86.3422855         8.55681674        -30.2569251         -22.260462        -12.8959567        -7.73315591        -150.248484
   6.88495606e+009       -3.77073141         86.0184778         8.53098623        -30.7611921        -22.2682538        -13.3011132        -7.71868643        -150.849761
    6.9096084e+009       -3.76893624         85.3264683           8.486659        -31.4003682        -22.2585903        -14.2287503        -7.74052453        -151.751433
   6.93426074e+009       -3.73487533         84.7026739         8.45873294        -31.9603049        -22.2066513        -14.3485302        -7.75771645        -152.379588
   6.95891308e+009       -3.70411365          84.411999         8.42654552        -32.4820485        -22.0236085        -14.2878574        -7.75896052        -152.911488
   6.98356542e+009       -3.71229738         83.8623555         8.40531193          -33.10252        -22.1517807        -14.6929239        -7.76769053        -153.934098
   7.00821776e+009       -3.69510524         83.0827928         8.34872809        -33.5684114        -22.0772879        -15.2253745         -7.7428838        -154.822467
    7.0328701e+009       -3.66251306         82.6762811         8.31597692        -34.1554144        -22.1723994        -14.6270854        -7.77776842        -155.240721
   7.05752244e+009       -3.65227924         82.4272334         8.28289572        -34.6177225        -21.9868533        -14.5779763        -7.78502092        -156.084127
   7.08217478e+009       -3.65993249         81.7828706         8.24872635        -35.2196931        -21.9317285        -15.0426984        -7.75715483        -156.726871
   7.10682712e+009       -3.62693839         81.0706394          8.2080834        -35.7873043        -21.9575908        -14.4260975        -7.78159678         -157.44339
   7.13147946e+009       -3.59652758         80.8717006          8.1676432        -36.3050054        -21.8449959        -15.5789053        -7.77797496        -158.017848
    7.1561318e+009       -3.59796531         80.3928464         8.14515379        -36.8303862        -21.9367208        -15.9161027        -7.78725331        -159.171623
   7.18078414e+009       -3.59379111         79.6563803         8.11331675        -37.4438518        -21.7190587         -15.401626        -7.79669595        -159.846475
   7.20543648e+009       -3.55337147         79.1774251         8.06648662        -38.0015964         -21.809385         -16.979974        -7.80027162        -160.442574
   7.23008882e+009       -3.54009221          78.905021         8.04319019        -38.4501206        -21.7765934        -15.5733695        -7.78278907        -161.247474
   7.25474116e+009       -3.54950158         78.3855904         8.00316081        -39.0464775        -21.6263575        -15.9236563        -7.81467722        -162.072874
    7.2793935e+009       -3.52802154         77.6178502         7.96806024        -39.6020943        -21.6220235         -16.521863        -7.80670181        -163.185752
   7.30404584e+009       -3.48313711         77.3590492         7.93552254        -40.1333816        -21.6331743        -16.4776352        -7.80398132        -163.560942
   7.32869818e+009         -3.489346         77.0443737         7.89798711        -40.6299698        -21.5568139        -16.3566397         -7.7974889        -164.288063
   7.35335052e+009       -3.49256068         76.3169093         7.87187921        -41.1767271        -21.4998252        -16.2493965        -7.78493044        -165.039966
   7.37800286e+009       -3.44330706          75.766458           7.826317        -41.7713575         -21.491294        -16.2383973         -7.8115597        -165.765795
    7.4026552e+009       -3.42452779         75.5542592         7.80007046        -42.2317809        -21.4521512        -16.5834255        -7.81568864        -166.248544
   7.42730754e+009       -3.43383652         75.0418006         7.77651496        -42.8096658        -21.4420939        -16.8492398        -7.79589324        -167.258855
   7.45195988e+009       -3.42977768         74.3251835         7.72632604         -43.411847         -21.334611        -17.8957242        -7.79637854        -168.107857
   7.47661222e+009       -3.37680303         73.9752918         7.69147938        -43.8840675        -21.2569175        -17.2278918        -7.80570735        -168.973599
   7.50126456e+009       -3.37484977          73.726591         7.67545639        -44.3930659        -21.3395013        -17.7454032        -7.78752593        -169.620665
    7.5259169e+009        -3.3910506          73.064447         7.62602144        -44.9599371        -21.3429087        -16.9988841        -7.79732862        -170.242872
   7.55056924e+009       -3.34842581         72.4285022          7.5918787        -45.5242418        -21.3182469        -19.2482191        -7.81114162         -171.24184
   7.57522158e+009       -3.31195939         72.2815548         7.56052178         -46.051119        -21.0642857        -17.6716446        -7.80474977        -171.910396
   7.59987392e+009       -3.32885552         71.8603207         7.52730373        -46.5416833        -21.1541626        -19.4106686        -7.79781377        -172.761201
   7.62452626e+009       -3.32557112           71.17259         7.49124246        -47.1184001        -21.1112099        -18.6045962        -7.78590929        -173.433682
    7.6491786e+009       -3.27508069         70.7250484         7.45211693        -47.6632228        -21.1684418        -19.3007893        -7.80047539        -174.286125
   7.67383094e+009       -3.26519934         70.5318429         7.42316395        -48.1092826        -21.0158849        -19.4356431        -7.79641984        -175.163437
   7.69848328e+009       -3.27141242          69.967694         7.40731824        -48.6756068        -20.9799162        -19.2380983        -7.75566597        -175.723753
   7.72313562e+009       -3.24566006         69.2191325         7.34679033        -49.2341973        -20.8895995        -19.3415443        -7.74146689         -176.41438
   7.74778796e+009       -3.20587931          69.028957         7.32335036        -49.7346663        -21.0430031        -19.3943286        -7.77157348         -177.30607
    7.7724403e+009       -3.21975941         68.8092055         7.29975123        -50.2670625        -20.8262412        -19.1038573        -7.76094469        -177.933675
   7.79709264e+009       -3.22380653         68.1040303         7.25761669        -50.7830834        -20.8681445        -18.8932118        -7.71190611        -178.869852
   7.82174498e+009       -3.18244967         67.5353922          7.2205527        -51.3687661        -20.8615256        -19.3508909         -7.7381602        -179.544066
   7.84639732e+009       -3.16669952         67.3247852         7.19141765        -51.8297232        -20.8559763        -19.6348399        -7.73092573         179.750916
   7.87104966e+009       -3.18376428         66.8722813         7.15840951        -52.3509942        -20.6363715        -19.7388038        -7.73699376         178.847277
     7.895702e+009        -3.1567817          66.177987         7.12090628        -52.9026579        -20.7306058        -21.3351549        -7.68512986         178.186854
   7.92035434e+009       -3.11309337         65.8449544         7.09116407         -53.424757        -20.6567465        -20.8882159        -7.72485744         177.382193
   7.94500668e+009       -3.10852997         65.6746583         7.05997483        -53.9212701        -20.6539765        -21.2373415        -7.69370944         176.663408
   7.96965902e+009       -3.12730399         65.0615627         7.02491131        -54.4867213        -20.5311099         -22.086117        -7.68271945         175.997296
   7.99431136e+009        -3.0937834         64.4577894          6.9860948        -55.0357948        -20.6319426        -21.1759167        -7.67846482         175.090724
    8.0189637e+009       -3.05815705         64.3190153         6.96143643        -55.4684538        -20.3866776        -21.6884895        -7.70297724         174.396888
   8.04361604e+009       -3.07654051         63.9586645          6.9338474         -56.034501        -20.4861665         -21.642572         -7.6871231         173.529593
   8.06826838e+009       -3.07262041         63.2233218         6.88953514        -56.5490546        -20.5430911        -21.9651403        -7.64195784         172.569794
   8.09292072e+009       -3.02830695         62.7700186          6.8515619         -57.038957        -20.4307226        -22.4714334        -7.64184746         172.059409
   8.11757306e+009       -3.01423012         62.6925524         6.83358019        -57.5920483        -20.3093256         -22.343579        -7.62961527         171.262502
    8.1422254e+009       -3.03586797         62.1260752         6.79495709        -58.1144027        -20.3064882        -23.8199618        -7.59858676         170.554935
   8.16687774e+009       -3.02039435         61.4327978         6.75096555        -58.6286532        -20.3851887        -23.7529491        -7.60410747         169.536974
   8.19153008e+009       -2.97134562         61.2832191         6.72702868        -59.1423769         -20.224268        -22.2208379        -7.59303158         169.004495
   8.21618242e+009        -2.9799364         61.0185978         6.69951575        -59.6073157        -20.1596924        -24.5565217        -7.57842169          168.27003
   8.24083476e+009       -2.99007107         60.3221368         6.65330678         -60.142675        -20.1382508        -23.9173934        -7.56093383         167.580804
    8.2654871e+009       -2.95004924         59.8436199         6.62302412        -60.7054771        -20.0566757        -24.3133971        -7.58431495         166.889947
   8.29013944e+009        -2.9282156         59.6890503         6.59604354        -61.1673368         -20.079034        -23.5522204        -7.55633027         166.207654
   8.31479178e+009       -2.94580794         59.2391428           6.561664        -61.7103774        -20.0413953        -24.3016407        -7.52952349          165.48957
   8.33944412e+009       -2.92711272         58.5834165         6.51906157        -62.1855388        -19.9761795        -23.6101461        -7.51943653         164.627211
   8.36409646e+009       -2.88872792         58.3345251         6.49679184        -62.7390986        -19.9074291        -23.8542149        -7.53952904         163.976196
    8.3887488e+009        -2.9013244         58.1395561         6.46460047        -63.2357816        -19.9849012        -24.0361125        -7.49924263         163.149071
   8.41340114e+009       -2.91469594         57.4950499         6.42105345         -63.710434        -19.8844185        -26.1666285        -7.48165547         162.363265
   8.43805348e+009       -2.87099943         56.9929677          6.3946518        -64.2079073        -19.8867975        -24.8976671        -7.45466401         161.667436
   8.46270582e+009       -2.84174988         56.8924847         6.36743369        -64.7356234        -19.7473685        -25.9792241        -7.50442234         160.681515
   8.48735816e+009       -2.85726324         56.4736883         6.33856402        -65.2113005        -19.6989795        -25.7398416        -7.45663945         159.965955
    8.5120105e+009       -2.85318517         55.8101535         6.30040815        -65.7092575        -19.6816564        -25.9563262        -7.41164236          159.46583
   8.53666284e+009       -2.79678962         55.4165635         6.25895495        -66.3287505        -19.7146527        -26.0107863        -7.43431517         158.660552
   8.56131518e+009       -2.79988744         55.2763109         6.23567166        -66.6947757        -19.6128156         -26.736126        -7.42944652         158.193259
   8.58596752e+009       -2.82053352         54.7503205         6.20031326        -67.2122485         -19.605772        -26.5771686        -7.38414537         157.231709
   8.61061986e+009       -2.79422642         54.1707646         6.15839423        -67.7722803         -19.587079         -26.450408        -7.33776892         156.443878
    8.6352722e+009       -2.75503674         53.9984141         6.14005854        -68.2603891        -19.5015619        -27.3827899        -7.37380916         155.747534
   8.65992454e+009       -2.77004086         53.7386476         6.10630024        -68.7744086        -19.4655288        -27.7976629         -7.3310907         155.121109
   8.68457688e+009       -2.78131662         53.0356714         6.07673274        -69.2438723        -19.5015559        -27.7086713        -7.32828036         154.484904
   8.70922922e+009       -2.73011924         52.6378256         6.03888407        -69.7676233        -19.4491931        -28.3918482        -7.33701839         153.604227
   8.73388156e+009       -2.71548498         52.5038109         6.00378972        -70.3178468        -19.3629732        -27.9622068        -7.26581538         152.835708
    8.7585339e+009       -2.74341488         52.0221495         5.97736486        -70.7270605        -19.3338313        -27.8832716        -7.25711879         152.183364
   8.78318624e+009        -2.7191378         51.4286605         5.93730604         -71.239585        -19.2948251        -28.6392333        -7.23837178         151.525511
   8.80783858e+009       -2.68250233         51.1575934         5.90704324         -71.808696        -19.3276886        -29.0490979        -7.24756782          150.65283
   8.83249092e+009       -2.68765996         50.9647217         5.89321658          -72.19851        -19.1951453        -29.2281619        -7.22724157         150.176099
   8.85714326e+009        -2.6997126         50.3135185         5.85162649        -72.7124514        -19.1812778        -29.5971066        -7.18138643         149.315541
    8.8817956e+009       -2.66718975         49.8751449         5.80777579        -73.2482119        -19.2335543        -29.5634472        -7.19934312         148.562321
   8.90644794e+009        -2.6410495         49.7629155         5.78994376        -73.7203733        -19.1078625        -29.7429153        -7.16901117         147.874952
   8.93110028e+009       -2.66620851         49.3940577         5.75891434        -74.1986916        -19.1373717        -29.6128351        -7.12936132         147.116003
   8.95575262e+009       -2.65678181         48.7278329         5.71026998        -74.6833517        -19.0108833        -30.8570369        -7.11460163         146.263165
   8.98040496e+009       -2.61495997         48.4438098           5.686195        -75.2400759        -18.9215094        -30.6260784         -7.0828456         145.771804
    9.0050573e+009       -2.61452578         48.2344254         5.67228961        -75.6803598        -18.9671305        -30.8545974        -7.08140142         145.034162
   9.02970964e+009       -2.61660405         47.6780204         5.63013632        -76.1824537        -18.9293549        -31.5389957        -7.05683844         144.402012
   9.05436198e+009       -2.60092453         47.2023271         5.59592671         -76.695448        -18.8876197        -31.2760652        -7.05784191         143.696365
   9.07901432e+009       -2.56542193         47.0503991         5.55952156        -77.2177689         -18.894326        -31.5284802        -7.05454877         143.098972
   9.10366666e+009       -2.59064153         46.7529196         5.53005894        -77.5963922        -18.8228039        -31.9487392        -7.00418348         142.280602
     9.128319e+009       -2.58655505         46.0925015         5.49942299           -78.1406        -18.7595717        -32.4434386        -6.98137886          141.56861
   9.15297134e+009       -2.54028634         45.7570305         5.46039616        -78.7014058        -18.7935595        -32.2776312        -6.97349097         140.806258
   9.17762368e+009       -2.53524288         45.6324005          5.4433601        -79.1302354        -18.7447674        -33.0085594        -6.92623524         140.301722
   9.20227602e+009       -2.55485791         45.1028495         5.40720265        -79.5769844        -18.6753056         -32.929159        -6.91037169         139.568856
   9.22692836e+009       -2.54074437         44.5245464         5.37193849        -80.0529252        -18.7573579        -33.2276845        -6.90042152         138.938086
    9.2515807e+009       -2.49696105         44.3819163         5.34087845        -80.5693998        -18.5653605        -32.7187672        -6.88619862         138.415554
   9.27623304e+009        -2.5131899         44.1181916         5.30969442        -81.0100494        -18.5079103        -33.4593411        -6.85863089         137.525281
   9.30088538e+009       -2.52722908         43.4881171         5.28498182         -81.519479        -18.4916878        -34.1578354        -6.83521251         136.910977
   9.32553772e+009       -2.47612595         43.0841059         5.25257808        -82.0241311         -18.522078        -33.6583765          -6.845934         136.142131
   9.35019006e+009       -2.47209306         43.0274349         5.21469903        -82.5292399        -18.5462124         -34.034175        -6.80278681         135.811806
    9.3748424e+009        -2.4962221         42.5436565           5.197836        -82.9312664        -18.3803479        -35.1370737        -6.76473774         134.827577
   9.39949474e+009       -2.47260591         42.0057168           5.169832        -83.4540864        -18.4234789        -35.3425103        -6.76615734         134.190234
   9.42414708e+009       -2.43969153         41.7300679         5.12448019        -83.9618763        -18.3835897        -35.3676743        -6.73966667         133.377264
   9.44879942e+009       -2.45658628         41.5313836         5.10132614        -84.3677541        -18.3752174        -35.6045172        -6.72977784         133.011401
   9.47345176e+009        -2.4610138         40.9736889          5.0757185        -84.8543174        -18.2778773        -36.6221519        -6.68069075         132.186786
    9.4981041e+009       -2.42766596         40.5119572         5.02478724         -85.361259        -18.2429168        -36.3714376        -6.68187556         131.638502
   9.52275644e+009       -2.40865574         40.4596261         4.99664977        -85.8000058        -18.2176863        -36.4259002        -6.68237239         131.040719
   9.54740878e+009       -2.43675761         40.0835896         4.97304231        -86.2532755        -18.1784209        -36.8486521        -6.61595259         130.290144
   9.57206112e+009       -2.42410968         39.4423858         4.94410331        -86.7840511        -18.1917424        -37.9022167        -6.56792196         129.685602
   9.59671346e+009       -2.37184391         39.1542586         4.91008429        -87.2847492        -18.0371001        -37.7075536        -6.60070321         128.953428
    9.6213658e+009       -2.38316606          39.054956         4.87967289        -87.6265391        -18.0211256        -38.3260187         -6.5594632         128.166725
   9.64601814e+009        -2.4068838         38.4627636         4.85778274        -88.1926414        -18.0097157        -37.5769884         -6.5700294         127.732345
   9.67067048e+009       -2.36104405         37.9727821         4.81661022        -88.6722825        -18.0404568        -38.3557936        -6.52566706         127.222283
   9.69532282e+009        -2.3421909          37.878817         4.77870028        -89.0982747        -18.0153987        -38.2474981        -6.51128148          126.45025
   9.71997516e+009       -2.36201951         37.5597745         4.76006594        -89.6118843         -17.902956        -38.6096662        -6.48574234         125.901395
    9.7446275e+009       -2.35750065         36.9433064         4.72701853         -90.050719          -17.87881        -38.6469754        -6.45122943         125.501983
   9.76927984e+009       -2.31899357         36.6333114         4.69352268        -90.5459692        -17.9880536        -39.1420516          -6.425576         124.583362
   9.79393218e+009       -2.32106759         36.4728602         4.66698454        -91.0197051        -17.8638083        -39.2158427         -6.3915275         124.000743
   9.81858452e+009       -2.34532306         36.0031074         4.65278605        -91.4349138         -17.661714         -40.028859        -6.37632997         123.464687
   9.84323686e+009       -2.31978169         35.3947828         4.63629528        -92.0346367        -17.7316429        -40.0530272        -6.34942739         122.518975
    9.8678892e+009       -2.27324377         35.2331866         4.59125781        -92.3897195        -17.7065781        -41.0196561        -6.36174513         122.159507
   9.89254154e+009       -2.30936324          35.025058         4.56571557         -92.816868        -17.7203819        -41.4636285        -6.32334048         121.281976
   9.91719388e+009       -2.30073431         34.4832668         4.53167657        -93.2727373         -17.635956        -41.4471683        -6.30788035         121.118742
   9.94184622e+009       -2.28144444         34.0879595          4.4771758        -93.7097623        -17.6547762        -41.3188748        -6.28183582         120.319719
   9.96649856e+009       -2.25598252         33.9390561         4.45561071        -94.2562932        -17.5837988        -41.3254313        -6.26493614         119.677502
    9.9911509e+009       -2.29235365          33.596548         4.44227157        -94.6898289        -17.5410309        -41.6841706        -6.22229507          119.16454
            1e+010       -2.28472645         33.3712029         4.42957909        -94.8666518        -17.5369296        -41.9749689        -6.21168256         118.850534